120201112
2HI    202011112020110940906151715490  000000200
271    202011112020111040906151719989  000000100
271    202011112020111040906151720017  000000100
2FA    202011112020111040906151722217  000000200
271    202011112020111040906151722388  000000100
271    202011112020111040906151722404  000000200
2FA    202011112020111040906151722459  000000200
2FA    202011112020111040906151722468  000000100
2FA    202011112020111040906151722477  000000100
2FA    202011112020111040906151722486  000000100
271    202011112020111040906151722495  000000200
3000000000016000000000011
