120201022
2HI    202010212020101940906151717707  000000100
2FA    202010212020102040906151701316  000000200
2FA    202010212020102040906151705574  000000200
271    202010212020102040906151706400  000000200
271    202010212020102040906151706928  000000200
271    202010212020102040906151706937  000000200
2ATM   202010212020102040906151707505  000000200
2FA    202010212020102040906151707729  000000100
271    202010212020102040906151709241  000000300
271    202010212020102040906151709278  000000100
271    202010212020102040906151709296  000000100
271    202010212020102040906151709303  000000100
2FA    202010212020102040906151709778  000000200
271    202010212020102040906151710128  000000200
2ATM   202010212020102040906151712391  000000100
2FA    202010212020102040906151712971  000000100
271    202010212020102040906151713156  000000200
271    202010212020102040906151713450  000000200
271    202010212020102040906151713487  000000200
271    202010212020102040906151713496  000000200
271    202010212020102040906151713503  000000200
271    202010212020102040906151713521  000000200
271    202010212020102040906151713530  000000200
271    202010212020102040906151713549  000000200
271    202010212020102040906151713558  000000300
2FA    202010212020102040906151713898  000000100
2FA    202010212020102040906151713914  000000100
2FA    202010212020102040906151714171  000000200
2OK    202010212020102040906151714206  000000200
2OK    202010212020102040906151714224  000000200
271    202010212020102040906151714368  000000200
271    202010212020102040906151714680  000000200
2FA    202010212020102040906151715114  000000100
271    202010212020102040906151715507  000000100
2FA    202010212020102040906151715570  000000100
2FA    202010212020102040906151715972  000000100
271    202010212020102040906151716068  000000100
271    202010212020102040906151716077  000000100
271    202010212020102040906151716086  000000100
271    202010212020102040906151716102  000000100
2FA    202010212020102040906151716111  000000100
271    202010212020102040906151716228  000000100
2FA    202010212020102040906151716568  000000200
2FA    202010212020102040906151716611  000000100
2FA    202010212020102040906151716657  000000300
2OK    202010212020102040906151716871  000000100
2OK    202010212020102040906151716880  000000100
2OK    202010212020102040906151716942  000000100
2OK    202010212020102040906151716951  000000100
2OK    202010212020102040906151716979  000000200
2OK    202010212020102040906151717047  000000100
2OK    202010212020102040906151717074  000000100
2OK    202010212020102040906151717127  000000200
2OK    202010212020102040906151717136  000000200
2FA    202010212020102040906151717234  000000200
2OK    202010212020102040906151717252  000000200
2OK    202010212020102040906151717270  000000200
2FA    202010212020102040906151717289  000000200
2FA    202010212020102040906151717298  000000100
2OK    202010212020102040906151717305  000000200
2OK    202010212020102040906151717314  000000200
2FA    202010212020102040906151717332  000000100
2OK    202010212020102040906151717341  000000200
2FA    202010212020102040906151717350  000000100
2OK    202010212020102040906151717378  000000200
2OK    202010212020102040906151717396  000000100
2OK    202010212020102040906151717430  000000100
2OK    202010212020102040906151717467  000000100
2OK    202010212020102040906151717501  000000200
2OK    202010212020102040906151717501  000000200
2OK    202010212020102040906151717529  000000200
2OK    202010212020102040906151717565  000000200
2OK    202010212020102040906151717583  000000200
2OK    202010212020102040906151717609  000000200
2OK    202010212020102040906151717618  000000100
2OK    202010212020102040906151717627  000000100
2OK    202010212020102040906151717636  000000100
271    202010212020102040906151717663  000000200
271    202010212020102040906151717672  000000200
271    202010212020102040906151717716  000000200
2FA    202010212020102040906151717725  000000200
2FA    202010212020102040906151717734  000000100
271    202010212020102040906151717743  000000200
271    202010212020102040906151717752  000000100
271    202010212020102040906151717761  000000100
2FA    202010212020102040906151717869  000000100
271    202010212020102040906151717878  000000100
2FA    202010212020102040906151717887  000000100
271    202010212020102040906151717903  000000200
2ATM   202010212020102040906151717949  000000200
2FA    202010212020102040906151717994  000000200
271    202010212020102040906151718008  000000200
271    202010212020102040906151718053  000000300
271    202010212020102040906151718071  000000200
271    202010212020102040906151718240  000000100
2FA    202010212020102040906151718295  000000100
2FA    202010212020102040906151718302  000000200
2FA    202010212020102040906151718311  000000100
2FA    202010212020102040906151718320  000000100
2FA    202010212020102040906151718348  000000100
2FA    202010212020102040906151718357  000000100
2OK    202010212020102040906151718375  000000200
2FA    202010212020102040906151718393  000000130
2FA    202010212020102040906151718400  000000200
2FA    202010212020102040906151718419  000000100
271    202010212020102040906151718446  000000100
271    202010212020102040906151718651  000000200
2FA    202010212020102040906151718660  000000100
2ATM   202010212020102040906151718688  000000100
2OK    202010212020102040906151718697  000000200
271    202010212020102040906151718704  000000100
271    202010212020102040906151718713  000000200
271    202010212020102040906151718722  000000100
2FA    202010212020102040906151718777  000000200
2FA    202010212020102040906151718811  000000100
271    202010212020102140906151707274  000000200
271    202010212020102140906151708968  000000200
2ATM   202010212020102140906151712408  000000100
2ATM   202010212020102140906151712471  000000200
271    202010212020102140906151712668  000000300
271    202010212020102140906151718455  000000200
271    202010212020102140906151718473  000000100
271    202010212020102140906151718740  000000200
271    202010212020102140906151719069  000000100
3000000000195300000000124
